c_Y_0 = 0.0191;
c_Y_v = -0.6192;
c_Y_p = 0.2664;
c_Y_delta_r = 0.1809;

c_l_0 = -0.0065;
c_l_v = -0.0345;
c_l_p = -0.2416;
c_l_r = 0.1391;
c_l_delta_a = 0.1419;

c_n_0 = 1.3564e-04;
c_n_v = 0.0669;
c_n_p = -0.0711;
c_n_r = -0.0651;
c_n_delta_r = -0.0490;