c_Y_0 = 0.033237;
c_Y_p = 0.93719;
c_Y_v = -0.55217;
c_Y_delta_a = -0.37792;
c_Y_delta_r = 0.23872;

c_l_0 = -0.0063601;
c_l_p = -0.23463;
c_l_r = 0.13541;
c_l_v = -0.032955;
c_l_delta_a = 0.13744;

c_n_0 = 0.00036198;
c_n_p = -0.069178;
c_n_r = -0.064197;
c_n_v = 0.064677;
c_n_delta_r = -0.047779;