c_Y_0 = 0.032765;
c_Y_beta = -0.5777;
c_Y_p = 0.90697;
c_Y_r = 0.14375;
c_Y_delta_a = -0.35432;
c_Y_delta_r = 0.27642;

c_l_0 = -0.005245;
c_l_beta = -0.033647;
c_l_p = -0.23855;
c_l_r = 0.13608;
c_l_delta_a = 0.13941;

c_n_0 = -1.4331e-05;
c_n_beta = 0.065127;
c_n_p = -0.081926;
c_n_r = -0.062623;
c_n_delta_a = 0.0063903;
c_n_delta_r = -0.052578;