c_Y_0 = 0.030769;
c_Y_beta = -0.5659;
c_Y_p = 0.91365;
c_Y_delta_a = -0.35845;
c_Y_delta_r = 0.25755;

c_l_0 = -0.0053442;
c_l_beta = -0.033878;
c_l_p = -0.23891;
c_l_r = 0.13678;
c_l_delta_a = 0.13988;

c_n_0 = 0.00054812;
c_n_beta = 0.065888;
c_n_p = -0.071372;
c_n_r = -0.067217;
c_n_delta_r = -0.051456;