c_Y_0 = 0.033555;
c_Y_beta = -0.56557;
c_Y_p = 0.9288;
c_Y_delta_a = -0.37606;
c_Y_delta_r = 0.26116;

c_l_0 = -0.0052952;
c_l_delta_a = 0.14004;
c_l_p = -0.23969;
c_l_beta = -0.033727;
c_l_r = 0.13682;

c_n_0 = 5.8609e-06;
c_n_beta = 0.064693;
c_n_p = -0.082359;
c_n_r = -0.061366;
c_n_delta_a = 0.0071217;
c_n_delta_r = -0.052256;