c_Y_0 = 0.029747;
c_Y_beta = -0.57469;
c_Y_p = 0.89231;
c_Y_r = 0.14915;
c_Y_delta_a = -0.3432;
c_Y_delta_r = 0.27181;
 
c_l_0 = -0.0053396;
c_l_beta = -0.033269;
c_l_p = -0.24032;
c_l_r = 0.13491;
c_l_delta_a = 0.14031;
c_l_delta_r = -0.001247;
 
c_n_0 = 0.00029653;
c_n_beta = 0.064997;
c_n_p = -0.081398;
c_n_r = -0.064344;
c_n_delta_a = 0.0055976;
c_n_delta_r = -0.052078;