c_D_0 = 0.17909;
c_D_alpha = 0.2456;
c_D_alpha_sq = 1.9936;
c_D_V = -0.061076;
c_D_q = 10.0253;
c_D_delta_e = 0.14492;

c_L_0 = 0.62718;
c_L_alpha = 4.6387;
c_L_alpha_sq = -3.7608;
c_L_V = -0.093292;
c_L_q = 9.7306;
c_L_delta_e = 0.50419;

c_m_0 = -0.0061205;
c_m_alpha = -1.1882;
c_m_V = 0.01625;
c_m_q = -13.7845;
c_m_delta_e = -0.64413;