c_Y_0 = 0.035715;
c_Y_p = 0.94759;
c_Y_v = -0.56548;
c_Y_delta_a = -0.38376;
c_Y_delta_r = 0.24514;

c_l_0 = -0.006368;
c_l_p = -0.23525;
c_l_r = 0.135;
c_l_v = -0.033369;
c_l_delta_a = 0.13782;

c_n_0 = 0.00012097;
c_n_p = -0.06873;
c_n_r = -0.064013;
c_n_v = 0.065925;
c_n_delta_r = -0.04828;

