c_X_0 = -0.10676;
c_X_w_sq = 2.4881;
c_X_q_sq = 384.334;
c_X_w = 0.18813;
c_X_q = -6.7117;
c_X_delta_e = -0.089002;

c_Z_0 = -0.51936;
c_Z_w = -5.4734;
c_Z_delta_e = -0.41619;
c_Z_w_sq = 5.6644;

c_m_0 = 0.010407;
c_m_w = -1.2759;
c_m_delta_e = -0.82402;
c_m_q = -19.7565;
c_m_delta_e_sq = -0.50257;

% % From including ALL data
% c_X_0 = -0.1383;
% c_X_w_sq = 2.6944;
% c_X_delta_e_sq = 0.071249;
% c_X_q = -6.6343;
% c_X_u_sq = 0.025635;
% c_X_w = 0.10807;
% c_X_delta_e = -0.098485;
% c_X_q_sq = 519.6024;
% 
% c_Z_0 = -1.1265;
% c_Z_w = -4.5687;
% c_Z_u = 0.6294;
% c_Z_w_sq = 7.8875;
% 
% c_m_0 = 0.0048434;
% c_m_w = -1.0795;
% c_m_delta_e = -0.67679;
% c_m_q = -9.6618;
% c_m_delta_e_sq = -0.87497;
% c_m_w_sq = 1.7357;
% c_m_q_sq = 1042.1227;