c_X_0 = -0.10676;
c_X_w = 0.18813;
c_X_q = -6.7117;
c_X_w_sq = 2.4881;
c_X_delta_e = -0.089002;
c_X_q_sq = 384.334;

c_Z_0 = -0.53343;
c_Z_w = -5.4339;
c_Z_q = -16.0865;
c_Z_delta_e = -0.77481;
c_Z_w_sq = 6.7575;
c_Z_delta_e_sq = -0.89904;

c_m_0 = 0.010407;
c_m_w = -1.2759;
c_m_q = -19.7565;
c_m_delta_e = -0.82402;
c_m_delta_e_sq = -0.50257;