% Final aerodynamic coefficients
c_D_0 = 0.106921085330675;
c_D_alpha = 0.222502054293681;
c_D_alpha_sq = 2.661512705855801;
c_D_q_hat = 9.333975654955884;
c_D_delta_e = 0.123261639904700;
c_D_delta_e_alpha = 0.425949049225393;

c_L_0 = 0.470227347494993;
c_L_alpha = 4.669148818412921;
c_L_delta_e = 0.461273551533979;

c_m_0 = 0.080294454563516;
c_m_alpha = -1.337114582223079;
c_m_q_hat = -12.703926004435543;
c_m_delta_e = -0.641812308096788;

c_Y_0 = 0.009272047281671;
c_Y_beta = -0.643901320501361;
c_Y_p_hat = 1.251636957302799;
c_Y_delta_a = -0.39533364969759;
c_Y_delta_r = 0.210881236665553;

c_l_0 = 0.000436112586564;
c_l_beta = -0.034156136485479;
c_l_p_hat = -0.270033913186392;
c_l_r_hat = 0.106079747974435;
c_l_delta_a = 0.122599032129614;

c_n_0 = 0.001157009592207;
c_n_beta = 0.08069001259069;
c_n_p_hat = -0.107536190334452;
c_n_r_hat = -0.085409087065492;
c_n_delta_r = -0.058247578735324;