% Final aerodynamic coefficients
c_D_0 = 0.082023347170533;
c_D_alpha = 0.271784759313426;
c_D_alpha_sq = 1.809716833956921;
c_D_q_hat = 10.102475948666859;
c_D_delta_e = 0.131767698434601;
c_D_delta_e_alpha = 0.449628082114063;

c_L_0 = 0.460589954781376;
c_L_alpha = 5.325333674058498;
c_L_alpha_sq = -3.969259412355321;
c_L_delta_e = 0.521133498717410;

c_m_0 = 0.094975972997081;
c_m_alpha = -1.494697885250846;
c_m_q_hat = -13.140206987350748;
c_m_delta_e = -0.675439877822195;

c_Y_0 = 0.010753197165620;
c_Y_beta = -0.730985927233147;
c_Y_p_hat = 1.077758243821209;
c_Y_delta_a = -0.341450055180717;
c_Y_delta_r = 0.337147629851735;

c_l_0 = 0.000410646012381;
c_l_beta = -0.035352240429249; 
c_l_p_hat = -0.241855568589545;
c_l_r_hat = 0.095258856844916;
c_l_delta_a = 0.123591366997565;

c_n_0 = 0.001061377644348;
c_n_beta = 0.075888061894250;
c_n_p_hat = -0.082343715008180;
c_n_r_hat = -0.075229235170663;
c_n_delta_r = -0.053717237446543;