% Airframe properties
b = 2.5;
c_bar = 0.242;
S = 0.6617;
mass = 12.14;
J_yy = 1.0664;
gam = [0.1419    0.8795    1.3851    0.1045    0.9003    0.1197   -0.1872    0.5990];

% Physical properties
rho = 1.225;
g = 9.81;

% Actuator properties
delta_rate_lim = 3.4907;
T_servo = 0.0280;
D_FW = 0.3810;
c_T_FW = 0.0840;